MAIN - 76561198367405022 (Gamebanned by BEye for Fecurity ban wav at 4.11.2024)

ALTS:
76561199481050888 
76561199807836870 
76561199807111717
76561198821893554
76561199409047444
76561198367405022
76561199802216574
76561199409047444
76561199807540825 
76561199806891534
76561199660246586
76561199807590032
76561199806583080
76561199807168814
76561199807865240 
76561199807795784
76561199807111717 
76561199807345846 
76561199807601203 
76561199807695143 
76561199808218138 
76561199808586565 
76561199807279785 
76561199807036111 
76561199807031519 
76561199808628721 
76561199808636096
76561199807381753 
76561199808041795
76561199809085873
